$ANSIBLE_VAULT;1.1;AES256
35386139386630626232343934643330353039306332386532396330333862346161336139353739
6361313035313933636537383564626537653066656462610a316438643638393137333066323138
65623265353764353563626665353334663231373161656665643737353431306437346635353738
3930383465376637350a303963663437393739343937356466633436656562653333346134626336
65636166633239333561393763366137613633393166373939353731323562383939363863653830
38656332366566366663653636616433353065633361303966666334616130313536646633643538
39663963616566643933393933353232303264656564616437393165323464303034636236356466
31393134663863386330376663376463363430333633313539363036346339646465633431643230
62313165623065616635643539303630623938393336656565303335316338663264376234386233
65333837313139336365613933336130303235333833656362653939393863636131396362346362
65636634356463346535653738613336333334336537663634633430376363623038366162326436
37356437666238303338316362306265373233623330656562613533323261613635366336313063
62336237356339626139636666333062343836663433623238373334353461353739366232383966
66343762643030356366643966613464646639653830386361353361393266643837306136326565
62353262323762663163623936353736623962656133623464393264643935343235376234616266
34353039396235623636623766336434393039633335646434383633663134303933366266353761
31636562393232663362306461376539616266653635323130613261303263333633313864326331
33623636303039643830333165353531336433656464363734623535336630366635626535626436
33333030353463663335356235653136323931356335643334393464316361373765396234633464
37396438386261343562633730356538633465656661313932313966623035636434353061353731
63623637643461316461373332306538393132643036383735363662633339386561323563333036
35333533346437393333303938653361336432616363633135613764343362393636633864336363
39396331626538383166346566373433346336643965666630346239326335373431636564333437
63363764343165626638336431356364303536353861613166383862383566336231363536383266
66363666646138623833383133643037343464633035636163393035663733393738663937323037
66363061303166316338613962633766336239376237393134326536386139653638326538373736
32333038346432643866313638326565323662663864323335623138373134366633396438383263
66383165613035363862623964613965366332356461353538306138396664386532323931663836
39393938336131363636346161326266636663323064346262633332333839666439356161356536
62343561666465363565646136376138613133373337333263346464666161633731313438343932
37616462353063313130623732643934353539623364653532646337333535613038333532376438
63376339313963613162653165663934386466616632626238333861383335383063313831656130
34656333326637636235356337353462303866333261666666636330656437303939623261373264
66366162646636373036633631353663346464633662323836326266643661373230366465306432
39386438633634346631353931376463666465653631356337396134353366386464666437656163
32636166313033326433303933316361653566373335333039373234336133306363393763373036
31646661656637323565666163313134646366666130623432363138396634353134333066303766
39386362373065666365303939353539333266383635343362663563333232373937653334333265
36343963393762343338316534626435383439343734306537393334326236653837383631633837
66633130333861336363363466616161636132663838313362626130633731343032343336313861
66623865366239623335386363616538366531633933663333386162356665333632353333663761
31653032636133623965336663373438333931393564326361353539626439616234373363643266
37353464336632656531633635616533626561663936656232383034343137666564643030373765
35653164343533633561653166323365306233336430376161313361643262393332613135306231
64313835613938643930646235656461626632386133313830366265326432396564336262636561
30373763346133616431363738336465353665616539613931313339623065383931323037623930
32303736666632633837333766626637623363663130356661373138636161623764646361663839
32663632666263393432393936343364653164616630306436663961663462616336343732373337
34313764376361626161663564363565613833363639383430313938336639396132373063396131
63656562306538363265336536623666313734343233393832333832633534376565376165363630
65396232363538633665373364306461346332386335363765383138373136633566353937666338
63646333313861326234326134393931353234646164373062393532306533316663306163343536
63316231656633356461663561373438363034323538653838353837383235386163393835613639
37396336343837356132633363326434653631356430326335656137396361353865626436373161
63623434653761633737636330396436343337323464386562376134303431333364633361616133
62336164366139333437396236333361383333323365643963316364653263306262663239383163
65663636323639313039386235633833666663356561363532353866616438656464396562383961
62613264633864393532646430383466376139613833373164326365373134373862346135303263
37333733623162663939306361646130346439303132373535303461353365616663356166386637
63623561393538326337333565346166656431363864666531363936636231333534643165353763
61303239373434653233306439653663313034653135636263336530623961303530376561383539
64306663626534373837633734356363653737343037333434313338353436306633643765363130
66373637613236356363663933643665636639363364346534643638636161643235646234623066
32326565386536393133633830303237333963326636646366373164353963666165663730323030
39316364333034396639653065633936623662353661656164663231646138656564613932346362
61343263663438383534623564656161326564323930626537333563303863393330313535616335
32376239376666643936376136303562323930383236393263666565363230663131643738646633
30383938653539363038616364303961386561626264323165316461326534616564666637666637
64666363623230326631633134303166666564363233343935353263633734383862313334333831
39373238323736323536376663626630613132333432326332323334626533646666613333633933
31663739383065363862373765363230383064633931396132326434663235396636653338363661
34303731356464313839616433646137393036336638316266633137613862336631343235373331
35366261663132666339646439346331363264643337623133353361666232313466646131353436
64313839623239656630356134656633333937353930343462633964376232313937366262623533
62376561326230633539303536373064306462623563306365646236343432653066663138363338
31353633356435313864363839393735353237306130313035643233366165336665643433346330
33613532313265386634386164626663653235626164323137316161623236666438343030343233
62363833303062313363393534316166383630366266643234363030333638376233343739306165
38363731663766333635626163386564343039303061303231336237636262376333613064616265
65623231366231626132643236313163326661383132356339356135376131376539616163373135
65343661333431343764346132616362643963636137353434366262656465666431323135306138
62626263646336656331303939363431303837643139383564386235663966353261353361333731
66353262633462346437346661313235303164623461303132366238343730343561633231363933
63623235636266303535376638653036616236623635333666663162643036643038633863643161
66343338653033653139643662633764396662626231366162386435313530386537633032323739
37663530373561636634613233313439343530303832643939653632346535363833653737623436
34616331333832306333373963353761623731316665396630663031363064626138373432366463
38663938383935636263
